Ashraf
-0.07903625071048737
0.1567954570055008
-0.03379782661795616
-0.03893040865659714
-0.12220872938632965
0.005406889133155346
-0.015152433887124062
-0.11809499561786652
0.12304019927978516
-0.02432410791516304
0.18124854564666748
-0.044237785041332245
-0.20486114919185638
-0.03911305218935013
-0.10987913608551025
0.10260502994060516
-0.1430436074733734
-0.1057254821062088
-0.07692774385213852
0.04993721470236778
0.046011023223400116
-0.024987444281578064
-0.013593977317214012
0.0395483523607254
-0.0596737340092659
-0.27118608355522156
-0.054436564445495605
-0.07752582430839539
-0.025542933493852615
-0.09647819399833679
-0.003847680054605007
0.028279699385166168
-0.15708699822425842
-0.07751064747571945
0.05147551745176315
0.009588617831468582
-0.05935674533247948
-0.04012804850935936
0.17675279080867767
-0.036628417670726776
-0.19158731400966644
-0.02394983358681202
0.11564616858959198
0.28238460421562195
0.1689186692237854
0.09113278239965439
-0.04789597913622856
-0.10958146303892136
0.1274639517068863
-0.19929514825344086
0.06350817531347275
0.14166603982448578
0.074440598487854
0.09025752544403076
0.03915022313594818
-0.1256921887397766
0.04529446363449097
0.0860607773065567
-0.17107883095741272
-0.021136756986379623
0.0786818116903305
-0.018268276005983353
-0.04508110508322716
-0.13033252954483032
0.22499725222587585
0.11210473626852036
-0.08882681280374527
-0.122430719435215
0.14595423638820648
-0.13931401073932648
-0.0900816023349762
0.006888688541948795
-0.09849370270967484
-0.18417762219905853
-0.221375972032547
0.02453545480966568
0.3803129494190216
0.21685093641281128
-0.1213047206401825
0.004707843065261841
-0.07326380908489227
-0.021529430523514748
0.0572180412709713
0.013095867820084095
-0.08549472689628601
0.001960279420018196
-0.03167949616909027
-0.005714160390198231
0.20062655210494995
-0.03538551926612854
-0.05113457143306732
0.1486339569091797
-0.010621687397360802
-0.05276981368660927
0.023722128942608833
-0.02212376892566681
-0.06681030988693237
0.0669390857219696
-0.18525272607803345
-0.02143048495054245
0.03907696157693863
-0.09021557867527008
0.046153098344802856
0.1335669755935669
-0.2021818608045578
0.10271980613470078
0.04249187931418419
0.004626660607755184
0.03139062225818634
0.025900637730956078
-0.1334688514471054
-0.03632061555981636
0.1363702416419983
-0.22404584288597107
0.2767871618270874
0.09065599739551544
0.0948045551776886
0.10522638261318207
0.09596370160579681
0.07853730022907257
0.018858350813388824
-0.022854140028357506
-0.12618562579154968
-0.11045067012310028
0.12216275930404663
0.011569680646061897
0.10681143403053284
0.012564890086650848
Nazirjon
-0.11161452531814575
0.08609071373939514
0.001863543875515461
0.018542557954788208
-0.0499422661960125
-0.018904972821474075
-0.06237222999334335
-0.11877719312906265
0.13165183365345
-0.013234341517090797
0.1926705688238144
-0.0518304780125618
-0.17586471140384674
-0.06928223371505737
-0.024552220478653908
0.1922919750213623
-0.16579505801200867
-0.13770721852779388
0.0024008825421333313
0.026060443371534348
0.11240826547145844
-0.09260839968919754
-0.010475343093276024
0.13974927365779877
-0.1799621880054474
-0.3104458451271057
-0.10512600839138031
-0.11684005707502365
0.04166104644536972
-0.053909823298454285
-0.06738549470901489
0.01573394238948822
-0.20676010847091675
-0.0756533294916153
0.03494613245129585
0.06618113070726395
0.012277774512767792
-0.06513186544179916
0.21267013251781464
0.029985088855028152
-0.21953131258487701
0.09683473408222198
0.03825954720377922
0.2799433469772339
0.15443751215934753
0.09417860954999924
0.026348069310188293
-0.11090004444122314
0.1370575726032257
-0.16285036504268646
0.0808870792388916
0.14689268171787262
0.11552250385284424
0.0792645588517189
-0.03308380767703056
-0.13551117479801178
0.0672360360622406
0.1177545040845871
-0.3029136657714844
0.06595665216445923
0.045418791472911835
-0.05245644599199295
0.050098173320293427
-0.06911937147378922
0.20924392342567444
0.13306869566440582
-0.08348845690488815
-0.17326931655406952
0.1189955547451973
-0.14209429919719696
-0.05164389684796333
0.027208173647522926
-0.15995901823043823
-0.22918331623077393
-0.38007014989852905
0.07663997262716293
0.38643407821655273
0.1868266761302948
-0.2176889330148697
0.04980001226067543
-0.03213305398821831
-0.03739074990153313
0.13478633761405945
0.12635204195976257
0.017060380429029465
-0.05038381740450859
-0.06512735038995743
-0.03316057473421097
0.22313497960567474
-0.02570001780986786
-0.04031522572040558
0.1838170289993286
0.011380472220480442
0.005807306617498398
-0.01559155248105526
0.04910102114081383
-0.13457201421260834
0.04587770998477936
-0.12993371486663818
-0.04591335728764534
-0.0651882216334343
0.06652943789958954
0.058072708547115326
0.12484186142683029
-0.1807023584842682
0.10070784389972687
0.025859283283352852
-0.05097534880042076
-0.05081853270530701
0.08511396497488022
-0.17439167201519012
-0.10881559550762177
0.08470211178064346
-0.24992117285728455
0.2476748824119568
0.19122222065925598
0.10192665457725525
0.08504703640937805
0.09344137459993362
0.06940600275993347
0.015085458755493164
0.03314701467752457
-0.14859852194786072
-0.019976362586021423
0.15631906688213348
-0.02404266595840454
0.1130748838186264
0.01883431151509285
Sam
-0.12196143716573715
0.05534300580620766
-0.03250141069293022
-0.03907982259988785
-0.11084112524986267
0.042183853685855865
-0.09195280075073242
-0.11326072365045547
0.12542617321014404
-0.06914842873811722
0.20071366429328918
-0.01718440093100071
-0.21779707074165344
-0.055643558502197266
-0.0290206428617239
0.11515065282583237
-0.19634239375591278
-0.15208938717842102
0.013086000457406044
0.006691453047096729
0.06979077309370041
0.02391687221825123
-0.006771983578801155
0.06854687631130219
-0.20084847509860992
-0.3601219952106476
-0.07319745421409607
-0.13265466690063477
-0.028687991201877594
-0.06224729120731354
-0.030139941722154617
0.0002464794088155031
-0.22404208779335022
0.006695549935102463
0.04055438190698624
0.035659387707710266
-0.012496426701545715
-0.04526841267943382
0.16182643175125122
0.03131144493818283
-0.22832328081130981
0.07647043466567993
0.021347519010305405
0.24841786921024323
0.1506485939025879
0.08979926258325577
-0.028423195704817772
-0.1598871350288391
0.11701563000679016
-0.13950301706790924
0.08682949095964432
0.20296649634838104
0.030275017023086548
0.043327707797288895
-0.053131066262722015
-0.1292709857225418
0.0432252436876297
0.07204992324113846
-0.19895878434181213
0.0009291605092585087
0.05608152225613594
0.004819706082344055
0.05245136469602585
-0.06786453723907471
0.17569629848003387
0.04539019986987114
-0.09201530367136002
-0.17035546898841858
0.05773992836475372
-0.16785822808742523
-0.08453133702278137
0.04648503288626671
-0.1796548217535019
-0.2614733576774597
-0.3134923577308655
0.07931044697761536
0.3641354441642761
0.14208559691905975
-0.16124923527240753
0.021606337279081345
-0.03618556261062622
-0.055643778294324875
0.12097004055976868
0.09867683053016663
-0.018813151866197586
-0.06963227689266205
-0.058928750455379486
0.026168063282966614
0.2886615991592407
-0.028820551931858063
-0.033437516540288925
0.20933851599693298
-0.006323492154479027
-5.335547029972076e-06
0.01581839844584465
0.06841305643320084
-0.10632465779781342
0.05926419794559479
-0.09615791589021683
-0.010757677257061005
-0.011580629274249077
0.003253703936934471
0.005007567815482616
0.1732616424560547
-0.21825604140758514
0.13278597593307495
0.01237890962511301
-0.07674631476402283
0.001252148300409317
0.025434227660298347
-0.14489923417568207
-0.11536677181720734
0.10915195941925049
-0.2205810695886612
0.2564302384853363
0.1919424682855606
0.18589144945144653
0.13696280121803284
0.08087436854839325
0.026414629071950912
-0.044162336736917496
0.03333808854222298
-0.21206271648406982
-0.04136737808585167
0.12773294746875763
-0.008206725120544434
0.08652002364397049
-0.014241191558539867
Unknown
-0.2293272614479065
0.09400470554828644
0.056753262877464294
0.03989496827125549
-0.02779061533510685
-0.08950811624526978
0.06314083188772202
-0.022196220234036446
0.1805434376001358
-0.026181276887655258
0.2653508186340332
-0.005841348320245743
-0.1719573438167572
-0.11918673664331436
0.08590104430913925
0.09090305119752884
-0.130992591381073
-0.06455597281455994
-0.1335514783859253
-0.09859436750411987
0.013660915195941925
0.06271480023860931
-0.09047441929578781
0.038212038576602936
-0.06961914896965027
-0.3304402232170105
-0.07138939201831818
-0.16917330026626587
0.10251668095588684
-0.0532335564494133
0.042027547955513
0.013877110555768013
-0.22957652807235718
-0.1003274917602539
0.00047804322093725204
0.005864575505256653
0.09113750606775284
0.034211330115795135
0.12311811745166779
-0.043089065700769424
-0.11219125986099243
-0.003482466097921133
0.018269721418619156
0.24308307468891144
0.13728350400924683
0.03195913881063461
-0.009434733539819717
0.04205901920795441
0.06278935819864273
-0.26379120349884033
-0.0015085414052009583
0.07808071374893188
0.21419276297092438
0.019893856719136238
0.04345402866601944
-0.19741825759410858
-0.009536041878163815
-0.01854817196726799
-0.2069743424654007
0.0916961207985878
0.0802508220076561
-0.1002449244260788
-0.13862603902816772
0.037092603743076324
0.29199737310409546
0.07860596477985382
-0.11302448809146881
-0.13729001581668854
0.1553468555212021
-0.15796875953674316
0.0732102021574974
0.11174392700195312
-0.08537120372056961
-0.1316899210214615
-0.25294917821884155
0.13942885398864746
0.38865771889686584
0.10987962782382965
-0.2418927103281021
0.032497748732566833
-0.2762157618999481
0.10159393399953842
0.003574357833713293
-0.07802202552556992
-0.06217969208955765
-0.04660552740097046
-0.15599173307418823
0.01462702825665474
0.17877589166164398
0.019451942294836044
0.0009782207198441029
0.23526565730571747
0.007279559969902039
0.0015732990577816963
-0.04252227395772934
-0.06800010800361633
-0.01248176395893097
-0.1419520229101181
0.014617957174777985
-0.004686261992901564
0.10806973278522491
-0.07434934377670288
0.006512857507914305
0.09451461583375931
-0.2575727105140686
0.14107905328273773
-0.013829412870109081
0.035381611436605453
0.0467146635055542
0.06896750628948212
-0.07695834338665009
-0.00495539978146553
0.15429066121578217
-0.2521321773529053
0.27066460251808167
0.11775700002908707
-0.03790159150958061
0.1523890346288681
-0.023270374163985252
0.05762636661529541
-0.07235956937074661
-0.016869422048330307
-0.12274479120969772
-0.10504497587680817
0.029557621106505394
-0.10023485869169235
0.01874718815088272
0.025777366012334824
